3.769664452210606720e+17
4.819525474513083520e+17
6.171173701936711680e+17
7.897541185766991360e+17
1.009757816151871616e+18
1.289684602444932864e+18
1.645485837723204096e+18
2.097185684384902912e+18
2.670171930612638208e+18
3.396289111287223808e+18
4.314205151210886144e+18
4.861976342999718912e+18
5.477242721921912832e+18
6.169081110861782016e+18
6.946692261993137152e+18
7.820763596897423360e+18
8.803602806496320512e+18
9.909077469221087232e+18
1.115298983410114765e+19
1.255407180306723635e+19
1.413419779701475123e+19
1.591726058891226112e+19
1.793736972325558886e+19
2.022747807259910963e+19
2.283085863632366797e+19
2.580285010241426227e+19
2.921164610578402509e+19
3.311863321051646362e+19
3.767343678728488550e+19
4.291773666454529638e+19
4.914191665021385114e+19
5.651444334667488461e+19
6.545164009874902221e+19
7.652699601404447949e+19
9.065924934633375334e+19
1.094681779767336305e+20
1.355396065551841526e+20
1.735055269058695332e+20
2.310571325163848663e+20
3.211362223240967619e+20
4.653706133140737884e+20
7.021367208507831747e+20
1.092482468049398137e+21
1.788002358856302461e+21
3.018465483826774671e+21
4.705335299799581196e+21
6.707993526839597335e+21
8.937680895127912972e+21
1.135580077770516149e+22
1.395683598481116627e+22
1.675675285972299075e+22
2.299190443017052671e+22
3.047522207528734268e+22
3.958941314891670513e+22
5.082891360652911392e+22
6.482824249063564640e+22
